Year	mort	alcool
1945	32.1	396
1946	33.3	366
1947	32.1	394
1948	32.8	383
1949	31.6	387
1950	31.8	395
1951	30.1	369
1952	31.7	375
1953	31.1	387
1954	31.3	357
1955	31.8	393
1956	30.3	358
1957	30.6	380
1958	31.3	340
1959	29.6	329
1960	31.8	352
1961	29.6	311
1962	30.9	343
1963	28.6	294
1964	28.0	326
1965	29.3	295
1966	27.0	341
1967	28.8	303
1968	26.0	289
1969	27.9	276
1970	26.0	280
1971	28.7	250
1972	26.5	297
1973	25.7	248
1974	25.0	296
1975	25.2	268
1976	23.5	289
1977	26.2	259
1978	23.4	245
1979	26.1	285
1980	24.5	236
1981	25.7	241
1982	24.0	237
1983	23.2	251
1984	25.5	238
1985	22.7	233
1986	23.0	210
1987	22.7	240
1988	23.5	227
1989	22.7	215
1990	22.5	229
1991	21.2	207
1992	23.0	235
1993	22.2	225
1994	21.5	211